4.79221343994e-05 9.41753387451e-05
3.21865081787e-05 9.10758972168e-05
3.2901763916e-05 9.20295715332e-05
3.19480895996e-05 0.000105857849121
0.000149011611938 0.000287055969238
3.2901763916e-05 8.9168548584e-05
0.000144958496094 0.000265121459961
5.00679016113e-05 0.000119924545288
4.60147857666e-05 9.79900360107e-05
5.00679016113e-05 0.00148296356201
6.00814819336e-05 0.000126123428345
4.88758087158e-05 0.000102996826172
5.31673431396e-05 0.000105857849121
6.19888305664e-05 0.000128984451294
5.29289245605e-05 0.000111103057861
6.103515625e-05 0.000133991241455
5.10215759277e-05 0.000102043151855
4.91142272949e-05 9.98973846436e-05
4.6968460083e-05 0.000105857849121
5.98430633545e-05 0.000128984451294
4.88758087158e-05 0.000102996826172
5.29289245605e-05 0.000121116638184
5.19752502441e-05 0.000108003616333
0.000164031982422 0.000273942947388
5.60283660889e-05 0.000112056732178
4.10079956055e-05 0.000100135803223
6.69956207275e-05 0.000137090682983
5.00679016113e-05 0.000108003616333
4.91142272949e-05 0.000120162963867
7.29560852051e-05 0.000121116638184
4.6968460083e-05 0.000102996826172
5.10215759277e-05 0.000112056732178
5.72204589844e-05 0.000120878219604
5.00679016113e-05 0.000109910964966
0.000120878219604 0.000133037567139
6.50882720947e-05 0.000150918960571
5.10215759277e-05 0.000117063522339
6.89029693604e-05 0.000105142593384
8.01086425781e-05 0.000123023986816
4.88758087158e-05 0.000216007232666
4.60147857666e-05 0.000105142593384
5.07831573486e-05 9.98973846436e-05
5.00679016113e-05 0.000104904174805
6.19888305664e-05 0.000213861465454
5.19752502441e-05 0.000102043151855
5.10215759277e-05 0.000103950500488
4.6968460083e-05 9.89437103271e-05
6.00814819336e-05 0.000133037567139
5.19752502441e-05 0.000102043151855
5.29289245605e-05 0.000111103057861
5.10215759277e-05 0.000118970870972
4.91142272949e-05 0.000108003616333
5.10215759277e-05 9.70363616943e-05
4.88758087158e-05 0.000120878219604
4.91142272949e-05 9.89437103271e-05
4.79221343994e-05 0.000108003616333
4.6968460083e-05 0.00010085105896
4.91142272949e-05 0.000101089477539
6.19888305664e-05 0.000128030776978
4.48226928711e-05 9.08374786377e-05
4.91142272949e-05 0.000102996826172
0.000169992446899 0.000119924545288
5.19752502441e-05 0.000107049942017
0.000149965286255 0.000102996826172
5.00679016113e-05 0.000102043151855
5.22136688232e-05 0.000128984451294
5.48362731934e-05 0.000108957290649
5.10215759277e-05 0.00010085105896
4.6968460083e-05 0.000168085098267
4.79221343994e-05 0.00149011611938
5.10215759277e-05 0.000111103057861
4.6968460083e-05 0.000102043151855
